514521
539508
594585
547221
22910
248553
130509
9995
198991
484130
74472
73169
157039
590145
286828
568631
6659
606919
190629
596486
43354
73152
135021
62062
31409
402598
158394
294941
230046
491488
557412
478779
591240
529270
306919
82490
28796
266920
438712
155985
322686
114898
607276
174547
468677
258135
497972
605895
521427
210513
460545
437087
519278
560879
492500
127404
321402
246565
35675
24788
118193
415184
4712
344771
341410
55716
481415
154665
218857
503575
164461
487793
174903
11285
405006
522958
517696
229517
538755
442778
134490
84012
144602
122789
120639
527601
86919
391245
119140
605344
43951
399283
424107
313429
197680
449352
302748
292348
420791
167082
448047
126267
260361
487460
248864
294911
434904
85209
90347
122344
10062
344381
350112
199632
387305
58925
453819
494560
100831
161923
25457
565077
575893
588631
76969
382583
540572
40365
50131
38556
523473
189424
415947
176630
539482
371043
90454
479055
373869
376669
208650
544898
395137
54030
34244
232800
544930
121463
104270
252039
433270
46528
5041
249883
384851
230403
588625
562370
61459
159624
435384
66405
212967
92669
185341
199888
588240
6226
462545
501883
210576
184699
229605
321306
471034
436917
358954
518100
569440
180021
61165
582796
262685
585207
518535
574246
518052
460450
254595
295535
78073
543641
15662
229047
195630
431395
606873
478988
489405
70594
14716
316502
134288
381561
67645
461461
80223
36750
415845
150858
53625
604732
549928
113211
401630
332437
296666
582483
3514
522711
430646
11228
203669
111347
453514
385810
568389
133275
97491
3883
132924
115261
1871
434437
298608
437947
452018
18414
171739
526459
225219
10824
383834
164416
83344
569342
404917
71665
334145
556130
313281
235452
278702
497816
64084
178927
508074
34808
74891
464746
574119
345777
446807
580115
242930
560376
376585
71792
291419
408821
30308
538256
367812
98779
233636
74209
399718
22138
368418
277520
268031
110396
348635
314718
525519
53476
213061
332009
210094
359002
496311
75434
35724
256890
335791
106684
320699
33172
526132
405000
339623
72957
30827
450466
140256
171012
555926
34886
386229
219738
32219
587569
522951
90234
102749
488990
492793
313412
75935
440640
314192
225590
477156
393475
40661
468012
15709
19852
97506
39959
589302
580434
266637
132853
188871
180909
368026
431850
145609
69005
518190
420008
437241
70693
61284
7076
204877
95168
158445
426512
571737
349990
286908
102835
568595
10576
259720
340525
107766
546755
451293
190995
57037
388828
144280
502732
594413
521674
544869
17765
515202
457934
119412
27051
405636
281659
393559
150378
409113
287327
219932
52494
398987
70102
204081
152785
134442
216
479159
14889
298536
226787
525238
210362
464045
58563
250725
284759
37056
202138
585987
82464
441990
349054
103206
540699
594925
64338
76511
175910
481743
170190
148248
354864
117054
499404
465
333078
57324
286699
276716
416154
112394
42823
427044
129029
263704
401899
37085
359840
472542
208315
163878
266790
256789
121341
336640
39903
126053
551050
401318
132395
201396
16138
133077
160628
398445
400421
565098
176440
405498
543711
526487
22680
547693
165427
24156
319294
527797
508422
538277
165073
127754
295423
519599
489233
432407
158874
152167
4715
319639
278201
314103
282339
221522
363436
432830
415596
96947
266829
407836
26328
240205
118614
107180
596246
594752
176769
53967
104318
41529
371816
307715
368165
460322
18070
259063
419303
180549
507123
308961
418765
426472
35809
487965
302236
563781
3226
309019
581326
17414
401436
553101
72675
272576
220912
581702
366757
80613
1016
2258
103556
90890
551736
31784
58447
273612
387227
111841
230221
234349
194761
347595
98399
19027
103367
313526
348951
344998
270593
353031
18170
344380
561185
344650
323794
67642
138178
46641
180800
575700
229035
194145
105915
435089
159341
356815
15876
514214
247868
478068
138912
390985
262535
263747
278675
170416
455916
31149
347993
243722
283920
119708
77513
535949
107742
7495
267316
563367
53028
587995
10973
3779
113774
253936
533021
506271
549589
216133
586637
34222
532020
77383
28447
54496
70560
527625
517439
342047
575471
263069
115550
19954
80574
498453
18253
254860
213562
601417
459807
69532
433188
36962
17082
262309
123077
418189
307876
411383
232766
336123
258270
425
248550
460960
258287
483025
314609
323064
319796
30417
164144
470251
525755
12946
128881
194789
160742
17685
200208
67356
465332
21240
309752
545099
485935
226567
442359
37079
387013
159349
35901
409416
220800
317540
532559
328678
110249
399384
346156
424316
553202
8364
531570
579272
43935
443772
238817
111484
581083
605457
553800
336988
9355
153899
484159
532318
590895
61682
193905
230262
484115
577544
150840
287680
111725
68121
357265
113835
119617
92981
6982
496890
258622
208496
382861
232301
13524
220162
194382
113568
443332
214260
435755
401311
4337
170586
96950
165569
110553
14130
18426
262323
159878
419924
372872
99162
212274
354467
432791
351698
83913
344496
8393
91848
32819
399442
473106
50456
223473
160470
277490
8825
86443
400021
436907
339902
296421
441003
549455
270717
595840
277662
49637
206029
133779
182846
73255
401394
250088
558060
442610
145503
503295
75068
301613
121028
44599
97200
185860
75706
393506
2463
131102
158382
287636
93229
483873
192550
23319
110206
538069
229608
410497
191199
606544
600114
425292
426240
384549
569594
6573
334816
350471
350897
244042
387153
166112
7557
573026
121379
386015
355097
165057
271950
188944
13734
57003
430924
601882
185259
487507
175568
90872
79974
362104
98302
69977
410820
433670
165338
52799
296551
606453
157272
28534
258535
414002
151798
538990
74998
505099
527610
594759
221225
37380
35626
430274
449438
272441
87239
358490
469982
102047
356759
79867
587445
130788
103877
56576
290880
328799
46679
118215
128098
446648
397386
457993
539778
153504
168541
71876
77457
586237
53030
253765
447279
527689
220593
300036
390605
440130
35740
408340
410258
108123
107262
231488
322811
553669
304127
294289
526474
322275
395640
390199
186125
59466
419992
413657
86150
166976
484571
272606
519020
471009
33020
289684
160878
534321
283265
435092
178852
64832
287422
1823
426671
415347
355800
201385
44057
189468
12261
127857
583339
17754
421252
397753
601970
341338
220467
130312
273732
11122
127909
515361
472559
295855
389437
488477
322028
393944
349505
2552
35440
410683
286910
124407
202369
477210
171903
44141
526460
319868
379561
481988
446892
591369
129699
453430
442383
4751
140508
224547
220625
469364
540540
581134
214037
271333
502154
71799
425821
549982
481865
170720
342350
41849
100986
467104
444223
214843
214345
96266
37941
546760
36941
550583
1790
461856
421447
47354
153819
282989
371575
182484
236598
4812
536870
215763
497744
66682
488102
335734
77827
428726
33677
346470
13031
204367
96929
574197
38929
587047
12097
333572
16361
329239
431967
97075
41984
175439
170340
508476
36193
289515
57394
466137
243635
27694
588197
15308
209027
328639
4277
470843
7995
119210
589085
499443
601877
15230
51041
259067
271634
166883
112099
498699
127990
191105
255109
466593
98765
434421
367258
202673
412267
135057
101474
522483
582054
363283
374939
56645
409007
99553
542773
518870
390342
67277
320090
226372
76579
204329
509041
103923
406190
63900
180082
532805
580851
102176
132274
241165
512138
549270
379419
321214
50252
540158
401116
72685
264071
381155
492420
585724
6051
19400
36391
193231
16978
451775
102562
15813
384808
305643
291966
428565
341194
341986
182671
471038
169906
497182
54012
441864
262753
586641
399759
400956
67891
40878
399710
7386
538096
606551
502622
376904
157932
589785
394449
447141
529430
221955
270276
340678
263432
557652
359461
437617
470350
382330
404263
568855
476748
234357
278059
553845
231951
139753
121706
29430
340
306310
236742
283897
393161
525933
33901
291903
193210
461693
308334
441228
210061
259346
601696
591054
563611
430450
18215
550748
328717
210442
18313
541746
587760
532307
90884
31360
321525
32127
184225
387521
350107
160891
199319
119164
123026
16440
165402
523001
270747
488843
589490
42802
314286
423237
13238
510609
263268
197719
216011
552351
545791
499723
8987
322258
386451
301441
204317
34328
259467
299967
387138
86912
343079
282740
173912
483784
429177
344729
320897
404734
3856
558678
456425
157957
308953
209350
302978
51534
472998
165298
534171
81543
72463
404332
461305
20398
166532
510798
455363
115870
415547
102130
394232
176228
39217
248816
130653
517014
98781
518486
80106
604306
302506
15736
376020
522694
270022
385469
130801
261464
547279
300458
306565
300902
414185
51139
373073
272212
191102
295704
111669
253770
192
287047
167220
538409
17559
330153
38382
5312
4143
265949
320526
462143
10139
398014
56372
416135
34974
344541
336276
181897
283538
257491
237257
29519
159881
403481
405658
307100
478486
250937
522628
10418
63187
148764
532541
248972
304397
345175
237108
403563
466746
75895
287112
587577
593335
14539
148361
574595
140213
96833
2608
157793
383722
342055
407041
113642
36664
607433
155728
103652
551827
296206
545295
334148
115942
216032
361934
224027
192645
579002
59524
294624
121395
557212
11309
511790
531382
511246
526723
564813
352805
63410
313303
400138
103817
99035
492354
225165
245069
390212
119823
390501
447372
17704
518213
203688
294825
489139
282657
513340
186875
585915
584818
8777
4620
23167
233948
401210
181506
426483
510307
307584
511737
458388
365599
553889
124737
333246
380365
183508
599538
185909
131966
399314
14236
594652
594440
387410
599501
209357
209424
321701
446273
263415
410787
3518
521018
115032
137874
504814
574527
145086
31132
34372
569604
35913
191818
234037
314955
161718
540613
102163
186159
386601
509392
341678
291997
14860
507661
152646
342795
21476
170329
143879
92986
341221
583941
537126
559136
169394
17373
599859
262149
18104
480318
199009
74396
159521
131990
127690
548120
463919
241159
3509
80016
5273
192733
398941
79642
148086
498724
107
447530
41196
538454
566477
10168
1679
242997
37047
248250
217499
158935
78651
562058
62833
579296
527271
258872
368346
510056
144062
404624
17531
139541
410740
581794
359420
146871
448750
73365
81987
11618
527205
236061
53916
69667
343345
309887
452113
532517
372099
7880
327210
113191
226454
415863
474529
36251
516829
438353
203754
67821
443899
457000
342666
20833
37363
87952
503073
508829
364256
231946
89151
398273
306867
72414
25301
408856
155357
564158
303858
451214
270995
30085
180258
300579
89851
183263
68008
46143
601407
140451
52174
563050
53267
272155
586658
526632
282577
174279
461114
24875
236885
446814
12259
18979
243972
605298
346313
27857
165366
461024
209183
489014
225658
462319
554195
208574
518325
531858
65355
8177
171293
262835
49661
106992
958
126676
194308
221517
308007
482100
441229
9304
570165
537887
434836
314870
326754
210973
24040
5071
241622
447456
166993
517382
120402
237319
503310
19284
160754
398838
288047
191997
432948
8523
376212
212588
14984
52716
437966
577638
533984
183540
56234
37852
277036
289441
43688
322535
606417
241481
521375
544235
83150
509393
1155
8579
48434
499015
10033
480642
56147
78159
382088
110615
35658
283363
603
233529
604183
581494
318944
81080
67961
452566
167097
81082
193851
325751
242125
165203
302761
508888
161030
336839
33337
225996
460137
223931
1385
113962
351093
112574
350597
603799
314086
78140
321577
283736
38908
382626
99187
479536
119700
1566
386845
254168
19583
189849
340069
205600
157208
463775
161458
97811
198336
108525
580137
487714
263063
34879
218043
400995
363948
460908
282851
562436
117497
357823
435457
14112
81715
100911
410411
230678
235441
102261
550797
341195
27888
287621
9508
545021
208007
193292
434424
171652
404916
335298
156836
373548
179103
469300
496173
574655
601356
461016
579173
552158
493097
570612
507991
3467
15571
152264
5694
488976
48547
350480
421079
67084
158169
117104
594623
242553
546476
144161
60868
249235
578311
330505
31327
184274
344113
319626
574335
553456
474941
218283
12932
98924
305222
203762
201112
540024
267817
349280
472958
547940
552577
469925
89323
74368
537526
399315
195173
178725
8008
159016
402148
286480
247459
398958
90406
266919
589042
274661
496721
255075
349041
95800
80472
291368
6605
84829
127681
185625
28585
452784
155903
525343
565239
409628
412472
464844
522546
180343
316741
297671
145925
105815
456116
16961
354798
73872
86693
470308
33259
1803
451876
179389
483959
286583
80639
85321
41531
475183
170109
315261
163966
376484
101070
400869
227731
554080
488337
461875
98704
146186
191300
165620
186076
410781
578689
565122
345552
334845
382073
559157
36488
10156
570119
198331
92671
587875
28964
518522
607263
438884
216813
375046
130764
262625
478512
540966
542912
341502
460628
220449
378830
292225
372519
72077
336902
200338
472692
340490
215664
441303
607482
108315
386145
497820
99605
209113
399915
308616
282110
451601
410691
183910
527442
29566
10103
280840
99715
433010
316534
51951
23860
198946
432822
284483
477618
20575
165155
270812
175119
241907
426845
410036
401844
75784
426260
68025
27093
213133
114635
331973
359890
504679
33823
166685
559226
121703
115365
522827
30005
39681
77665
99432
483915
90769
455383
61675
531599
311606
538170
469394
555475
602072
101021
500800
5879
91997
8351
7341
390240
508203
260553
211148
298358
518360
281425
208346
84335
350918
474239
588812
214784
358802
20758
164068
50319
131595
429496
382132
25161
283360
363786
249611
355481
446471
11414
495529
86178
381974
270426
121892
282795
51229
231135
426034
294090
194270
34045
531778
444092
115427
373037
80253
446974
446042
545823
1748
3242
491258
515459
483919
568942
157776
210881
358200
19216
278393
34488
23961
481844
147575
923
1516
33787
27284
32334
308945
420099
474809
263408
185274
83853
604719
188539
424451
452847
171219
148448
286861
214285
568611
62836
301587
594689
296829
599630
316927
524819
208010
118015
113892
180457
209674
425214
394443
148070
77155
402195
72387
455143
457719
599691
263627
377009
125916
323355
34736
523
144022
84136
431966
570422
358350
414415
300323
250430
528235
100921
32113
581323
215091
15101
240502
323517
578274
451703
153728
12498
455107
547190
157708
340557
104287
465090
352325
474886
104340
464654
429929
540084
519222
137449
504205
361799
372948
299692
132906
373432
38191
207983
4401
515777
525472
606548
563852
129152
333986
414131
540631
8439
208978
382856
512038
316635
390450
170050
140879
514153
543179
119288
532803
464558
144042
182892
186365
67769
237746
61062
276209
308044
386683
430399
463992
243873
606226
17791
434974
216674
54922
74577
93950
314327
194556
562773
527092
237289
266630
468898
562967
80532
381824
102040
408861
475627
413470
165449
262221
492226
216626
144727
515065
474600
151053
543384
86641
568051
1609
518296
587219
81468
420106
234783
179616
14157
362960
605591
296128
193110
126473
466194
430740
57598
78172
265407
389235
473111
278224
432133
197687
32097
308316
201949
210153
544173
561454
142985
370687
537002
404565
201573
386923
219008
182974
287286
200647
174532
299597
585873
538123
247926
332256
277922
478540
501248
216537
47849
494731
387009
503859
12983
79026
255513
581589
219284
415217
6311
15394
551089
342738
59670
63673
556674
100436
7367
482968
422770
260843
137466
341218
1660
355606
419375
354395
220801
161467
134221
190864
147519
550899
479989
215331
4613
458088
382035
386022
288236
327011
557387
436223
341157
50696
123178
40190
484214
341793
139452
6831
59134
214442
421328
32888
334720
98958
513228
306292
353834
64346
423795
569756
487727
600448
221151
278098
160289
122748
110671
104705
10861
138600
290213
294505
291012
180813
483187
508366
486949
107009
36983
369491
448883
98379
296637
371957
137918
248966
76276
83249
552192
159663
343971
547274
404545
348611
516916
270919
552465
468962
230560
314585
270736
186209
575413
12555
12574
24386
492617
335939
518731
41033
37771
462083
17734
98448
372930
15417
336744
589644
364002
327876
63366
143615
32520
220232
128127
26949
563565
285313
504406
513675
32151
100568
589254
3492
207
406531
277474
4725
581138
249869
128163
404607
100143
585079
496495
175677
421276
248267
461314
73794
470628
581779
100493
197033
405703
332448
74421
470593
46246
54060
89491
191166
544740
329197
360229
461541
212622
283708
439547
219821
326303
11070
119283
327535
11416
215976
306008
265731
399298
508187
278431
509194
314561
56443
601994
103184
203280
287185
197938
367910
107433
556691
219623
145239
49494
523164
297096
538244
350565
348935
337588
376281
57888
437986
74501
28674
107549
460754
451011
6755
249406
407851
133942
359135
7185
61037
329959
112901
358119
291904
467576
117851
11612
467860
99972
5854
78619
271067
121493
295138
434648
259384
488491
121648
189678
170203
413615
485044
563956
269387
304431
546587
75609
543117
311496
305284
462612
482049
51666
537927
467957
350351
472071
452339
159154
269395
64602
393418
138933
514015
78053
333121
378245
153060
262722
479006
160425
240613
449297
509960
95889
562382
121656
154922
603652
36199
254006
228827
459751
2892
74969
456860
340573
96688
596128
518986
348242
423305
385509
152115
39437
16369
362605
200553
253394
162404
564302
560332
5759
115650
29347
493287
254442
257069
88883
390188
537302
248031
148146
292776
401719
178886
369039
159036
117468
381069
105616
160446
281783
202015
8941
271978
65862
209787
84468
155844
574974
335667
539239
11684
214456
300057
184981
307861
122819
301099
205321
349105
594874
493218
356905
316785
157085
473226
461808
83106
5534
179034
381500
296160
176397
219745
473859
157210
595062
199255
258994
71952
960
267505
307056
153439
537619
4207
207573
587251
114500
442133
8166
498226
175504
110896
435256
389529
133652
606609
551769
434371
515350
246379
226862
587252
395376
326091
526696
124613
39124
203632
286362
289240
424171
6265
539231
540644
114306
373353
116700
110012
345282
438040
395553
309559
379438
266627
203523
479921
342853
409456
17099
1134
98995
421561
323498
103678
443941
371415
67888
367990
424687
126342
272991
363897
4843
356324
107534
351232
66095
434379
208853
568348
94928
40164
39413
271479
568566
241542
200870
14193
469954
484665
589394
496759
321274
35567
60130
10659
117398
157974
394956
189008
340318
557080
381448
452157
119196
593853
84013
257859
317498
59130
323239
512002
20009
114966
19592
242160
377630
590292
470764
95059
109790
462388
249919
283506
60827
265813
184158
441658
119608
493459
556887
386045
424213
534113
518202
595627
448093
424485
558340
510627
413399
23135
74057
190690
207198
498771
592670
342911
487376
493427
140671
551800
290028
277139
93802
11116
430833
199486
89966
239152
322716
262902
500299
575217
34760
305565
113938
438447
391524
543753
278188
337362
402080
299398
372784
180479
490379
37096
262402
15444
4857
68971
597568
563433
426460
228763
468856
380150
243338
457670
341497
397998
114539
68047
508279
400227
589815
175888
379670
402151
176998
49644
588612
296438
21290
139908
389047
588551
224260
488810
413213
537836
157504
341347
166483
535936
491525
101994
470424
420250
54666
155362
187873
521503
473109
76114
27526
300524
544392
530768
11071
513855
275286
65385
6282
319232
195324
285658
537675
54751
9224
358278
508945
108486
12190
327621
514779
542519
98799
254989
158799
100915
176918
546179
550996
89541
410925
376373
63476
172714
1264
94083
238593
556187
349488
594999
126570
117873
81486
248397
475509
495809
112156
527934
176368
582940
96132
105893
253429
273942
6251
599563
3408
184898
461786
514136
495661
595991
308995
301111
170185
390412
457516
26814
8760
10860
349625
34398
270829
151817
488168
98907
295434
510134
18165
200455
594544
478036
69471
486316
398936
59252
320495
559684
153982
340151
159753
65435
87170
534783
157554
194917
390488
76291
488389
525905
228667
302550
69034
220835
513840
103636
572160
344619
136103
392709
459789
200623
138588
278104
107087
479212
528128
155409
344637
315452
449268
155081
465954
329488
171288
580943
52861
105273
419360
300547
310290
184131
603890
167718
322221
559678
158917
60124
224501
400917
209141
30148
104185
478461
74254
3411
481472
199525
180341
185130
328028
403099
124692
2380
468604
600809
176026
186183
575233
123942
386796
274255
276152
168863
258167
457434
184403
73896
40524
295893
524010
247640
275986
214683
16959
100542
122460
50901
380398
235690
60017
127444
179048
311341
344920
603916
140052
52977
404062
540106
453419
57478
409789
103544
73217
267503
409743
213325
244327
346483
442140
165708
606089
158791
99486
375129
373872
73104
551276
392054
437500
17327
547698
808
394376
281819
537281
545387
286697
51627
89168
315733
442336
204652
236273
13692
36372
9387
119636
318804
220928
87598
518509
394407
336340
351252
473405
289944
218935
584584
124112
378965
532266
233728
291392
600895
530588
504690
70271
313221
179033
339931
91564
286928
425576
153770
519623
462102
188429
104364
265867
104357
518475
244348
110992
208254
263597
590296
117519
62917
372358
78442
355798
86831
161558
7562
347841
63623
56167
152683
208577
303382
376763
170631
451019
299796
515245
607414
119411
251646
497784
315004
276353
382357
220410
181632
247701
373574
103768
74602
159062
380323
165501
413240
546847
67523
65722
386429
542954
441982
4885
59103
277523
60390
176726
415592
278667
2116
545306
595703
65909
163923
125128
130695
475384
104987
39920
128388
519882
288130
398007
249571
221683
28059
7872
385177
220911
535349
479964
433794
100676
160894
159819
542859
448160
334677
399527
124763
99946
542847
415283
302178
319053
63810
475680
355786
515174
415481
6993
19326
382306
138828
108646
69881
403831
15682
83875
52119
113842
446970
19753
557453
73091
4596
12168
606511
530475
503097
492274
371545
110796
433956
330063
120569
132594
251007
80791
76246
291218
143
512572
196992
9848
393275
225944
229507
514589
377657
409583
550477
134410
27058
292920
220633
329350
14439
462394
466331
426466
59330
329573
580666
174963
295802
381803
361994
18549
27053
158730
6601
149170
246513
300757
581874
231174
10983
44176
546185
40388
305467
404863
435361
69119
88187
71561
383073
72719
459271
383607
462275
48707
52664
111901
11848
355999
234424
527683
390628
9876
193484
219682
237618
53029
2067
371456
101888
99611
160727
23399
391290
430455
161486
508914
109817
517640
296164
286554
220530
435260
354748
77691
323403
262261
88824
7637
57346
254435
403559
568347
71950
131429
407805
420148
107045
75518
484023
266103
119056
147606
395467
248033
255231
73125
85411
270462
494125
514495
237853
119027
159553
214474
373658
430205
132965
64249
564540
202943
377458
60302
526390
356544
28634
27007
329772
2366
479397
29364
35086
354521
531728
247951
255268
59210
281260
128990
220918
398531
409758
131576
404383
244148
286916
6833
418992
405096
312137
345876
60581
7493
353557
170379
98767
405210
320947
247993
553240
523666
600476
534617
100311
75777
48957
538227
32933
562525
539337
218066
335755
241778
601104
160971
161750
408596
176919
279282
482526
158209
343496
391048
152870
592780
363337
524797
231192
314936
147740
29989
354885
21795
95992
22279
437677
506984
122976
511897
426561
4139
213929
350089
479341
548535
522842
48901
110063
132573
35644
329399
229755
7414
281185
472532
517993
277907
214235
80234
530284
88242
296532
589931
417549
439213
7502
133392
570016
66430
10936
214982
133673
193
337974
594749
237974
355019
327599
523631
587418
430051
226102
496092
539809
420299
312398
385409
316513
160409
185639
521879
349092
465123
464532
578824
73922
327865
557776
486455
390525
377078
167676
75824
533932
124974
63617
161070
530039
89257
6193
512427
94693
551128
575866
458286
34405
465459
345503
262190
6526
189561
361855
309799
441824
450668
124261
82013
366604
375739
121150
230994
296130
387080
173570
581356
341906
219789
533886
161209
542627
12568
156493
498038
526286
366571
112119
8713
359138
75595
450676
605498
231145
74763
308785
343755
13978
165090
34391
209169
411318
85107
35264
6946
453230
586306
436996
370346
56453
386794
78684
4659
13681
254846
58036
456340
401580
176638
287280
309038
19435
251544
438359
29927
508115
567924
565219
185531
537622
518490
298605
531537
357752
90994
291046
57316
593881
598597
611
518517
400645
533649
599908
472546
399002
199278
522799
507765
82529
6301
579645
114205
270225
414457
600074
169636
397185
117170
114305
487525
398433
12625
579864
129314
72327
77658
443567
203295
75752
160400
420772
461166
77985
363174
98731
375081
32883
415384
9203
430092
508695
92079
428268
283672
10510
150198
181527
276526
85695
75826
589139
219222
372791
226670
386757
164111
398172
322078
409715
434111
428665
269007
575601
358040
102779
27114
349039
314384
17639
273177
335894
348173
13664
570259
272367
593108
481866
147771
518925
470421
321946
315430
196626
273342
7647
327510
423503
31551
525216
91842
442604
256167
488487
185841
581503
513407
362033
386721
443901
280868
98200
226582
553962
496402
196866
150908
205059
405310
327172
432750
437066
4667
314302
74658
606509
241184
545653
151680
70011
336403
557291
553636
179537
6167
214825
163218
13453
81348
334272
525052
77864
246074
332224
344467
354703
38399
49747
178781
6556
387236
198771
40020
484199
132655
359923
413236
18410
11929
355305
69142
563649
404947
299449
18013
119433
398650
165749
214202
425628
14902
72504
330512
163721
175835
261790
205663
395510
153058
309102
312035
59449
273884
364161
582209
70456
334874
333930
320541
284342
108663
31286
342988
589727
109374
214958
77225
119584
376807
16689
509751
50689
469233
425665
175343
332252
497759
292713
359526
549714
356786
9534
536310
175281
344553
138974
514262
6495
368449
39699
457763
580640
340531
35504
131161
231922
102980
420840
299912
303381
121875
220680
27506
189204
409531
290920
493618
224908
18959
306932
390619
382387
232614
169664
506783
558373
199317
279721
416219
145276
488558
516026
244362
540119
489435
599852
429174
42834
199986
406012
552058
294636
516846
130029
569278
185730
191836
393837
122684
282582
347894
461530
461121
337838
453500
15296
34357
205288
29723
140046
460520
77374
396935
354551
391305
272932
525747
344059
452554
552632
214780
33055
591372
216328
118690
65982
113871
294377
230653
328756
20921
293915
36090
77393
285912
298466
289313
102994
513002
558475
51434
546561
391227
589563
2397
207410
282676
261193
258898
573996
11507
122741
585212
12953
543010
249114
95108
385079
573762
158645
567309
223266
605806
466941
69089
208500
425134
37179
598085
86284
171501
459509
470061
39452
545932
10940
362867
173394
208461
392882
282322
1255
341647
121193
246953
562641
601847
415242
352214
419630
334678
276518
214991
144372
400080
214301
551354
40701
247515
383302
237799
20414
149738
100600
489656
3919
452421
390104
561906
370806
1113
365976
601518
1853
189816
436753
307585
537552
98378
91424
340735
252682
465501
37226
100466
583003
228953
299025
52953
519006
265512
602032
446180
194302
392854
302355
540168
293486
68464
530426
419874
332114
409949
197443
62076
27551
545488
383065
106247
521838
133209
373779
429493
333899
438453
242581
101699
197958
259826
434305
579393
13876
193828
518647
305232
63495
309308
7758
17004
77682
408927
298806
193869
245774
494909
333110
544356
533691
285551
123071
81275
545275
128076
312864
39069
124874
502082
557532
34139
321192
76381
573311
73517
5765
372799
29023
30933
114832
461190
92309
492498
372812
497300
71564
553586
213814
130969
266549
328183
246179
492231
245806
82001
237562
271334
439426
132239
113216
29436
591371
313139
536847
494058
153791
166403
97219
1098
88749
453524
5118
546024
473917
1253
18524
370144
501925
487656
65359
173585
581469
390532
588188
598657
517404
68820
586280
542065
204925
448367
93797
429716
126739
363085
381259
592862
175989
96523
543959
451451
242749
367820
86593
534632
199521
165231
55827
192525
224557
249820
114877
15173
125191
205226
180778
1801
59779
579706
502983
20293
69634
433910
282915
465245
118484
697
108119
161220
83625
160236
435623
161216
139292
144364
149078
437820
349088
270777
7283
557921
160699
305132
115020
595311
259141
306263
52376
2534
217275
11692
208246
581351
92321
580737
596981
200201
577247
537359
304936
5
555693
438761
307836
573594
473414
290301
51784
296750
214295
504028
207981
30033
242339
86480
250197
513174
56718
587375
429523
71467
80885
134425
188737
593931
399356
477347
393297
349111
93922
232912
88819
11869
66482
189311
22649
78363
489400
249450
300613
6399
142719
158241
377472
536551
348538
366559
436709
606535
323266
420213
575015
78281
63559
504719
169984
152267
354475
422494
120660
43977
131416
321873
131786
178908
199890
160020
198757
225058
95077
238624
190081
93004
171152
171987
1655
62504
22003
584021
391497
8913
569532
448320
479820
246522
74468
57713
131948
123163
327463
108106
159613
258004
158298
173874
390241
29873
63098
76068
266789
18363
11455
266656
101742
19185
97036
533242
532742
206785
326359
380540
6021
372643
186093
151200
563655
18000
552948
210763
583
123303
14607
101666
398762
543052
553162
6149
312286
52176
359689
507068
83914
54051
247195
153038
333343
159583
296469
93854
333308
286772
604519
290391
12939
295300
263745
125340
241116
85733
408501
571762
28767
552254
564782
294451
419403
266931
88146
161553
263897
306775
499757
192162
550013
522147
367787
53166
300194
121184
354918
118700
161853
579459
230547
450872
323153
542349
45300
376914
270621
154490
530083
124497
468178
575843
136880
157813
193440
111726
105335
45468
158773
19996
448290
66733
56057
424230
562722
60519
340759
185702
363367
390543
281961
17700
518755
133058
579030
73391
36920
278056
328611
6525
499030
427663
81957
49755
491082
487558
16301
276384
36936
378789
124866
14052
159500
134791
6583
472291
33
409643
606517
362910
567350
145150
389975
28305
200488
14792
553365
206560
83713
307708
68413
189175
415664
534010
232197
579561
291417
368175
51793
97588
57582
8255
149757
215193
147986
586025
35598
102976
35849
347119
492308
372773
125669
62976
569035
31483
247894
104540
247173
279137
8698
413356
438747
497645
218097
497454
18889
177121
174904
401428
16506
418914
76930
298167
190142
418548
3616
401896
158144
258393
600312
559257
492069
470570
559989
457507
524003
247639
30860
343313
276585
471401
299791
253868
8205
200509
559119
55012
1967
161996
67884
171542
270124
298673
389643
126329
283492
37232
558823
158542
233606
566828
68113
601042
211060
77196
568713
122136
336351
295127
375540
439408
272818
156931
465621
510455
337301
413539
92076
435109
514227
30133
247351
119113
87144
215177
31716
399098
484666
185061
554428
3976
65897
568546
59915
100427
54152
314151
183800
186637
179982
63213
522429
246979
534955
184715
2845
255180
77033
51580
426177
65976
276878
88710
249918
88930
7401
497617
145557
407621
438147
256240
199480
390790
493703
92068
308580
332161
259900
109282
228534
273865
448634
545526
161381
258301
430940
395762
9994
160076
550603
130516
160046
589188
208487
263126
447064
270652
309985
384793
364294
52125
392113
393629
386650
278748
362687
564839
518620
14
599639
389525
459552
585825
601230
185123
78665
482610
408349
166840
542733
106465
94747
7844
208537
95354
22618
425371
232500
113825
167707
457314
149942
173306
334065
114320
29344
52237
180408
181950
380929
98624
400730
259591
225967
76601
233976
181335
5555
194969
492714
506257
364216
502816
156392
2038
380290
809
184688
280235
340532
341842
188529
247141
475245
160444
102078
186719
576754
255493
199975
344040
115372
312236
133910
78357
37679
212139
158143
27554
263503
486577
414168
215404
171561
48176
580442
483150
443170
161081
100298
538770
460719
348103
119132
438576
530290
448649
161234
34502
387688
558455
277902
395089
199072
510368
348325
194488
587171
452889
12271
424519
593438
189296
375893
482196
561724
571742
348086
51501
322894
557193
83874
321546
434329
340058
386273
83644
195719
153565
575608
569014
457496
367800
69810
468486
202993
133697
157977
307481
255246
457077
159938
17195
81140
30632
307797
244123
498303
50995
466154
118427
209754
593802
420144
219712
60942
287389
406024
2663
589140
75676
461359
309139
237426
177335
39142
572436
507295
40143
584077
20388
101027
597917
66692
577175
577812
263735
473089
233983
514820
504187
5149
267478
367749
435149
54001
155133
382154
506937
531665
35426
601531
308126
583921
63182
348895
198852
67132
86369
36677
356223
353342
520605
334601
69292
550335
546600
149188
6218
103010
8308
97059
98684
73397
189340
219525
73347
594808
498841
328562
116827
438609
607279
32946
209519
19657
180580
405678
200745
189418
114679
581686
298613
263791
519227
463849
324876
453405
372231
158270
124775
248023
185671
547992
215578
270751
26503
453946
456295
160450
300435
113439
532103
88820
397796
216173
266677
226404
492363
98383
229162
253790
17695
218635
108604
174193
430896
358343
147699
442422
363837
298368
85176
404207
551955
485725
103161
398374
308075
480033
430574
127338
124260
255943
372858
323254
210006
408521
485838
362817
461003
443449
606718
600097
165819
161936
341169
204111
286810
198798
36399
55527
559674
224057
349718
463982
206970
93130
149220
199258
43255
57270
479139
309312
283212
78859
600204
12529
273916
456292
442922
521840
539664
249709
442605
144474
291618
117690
262277
343393
439605
252429
380749
497407
604749
406522
476839
23038
227305
130926
474734
257913
11189
483435
473264
208912
345133
33001
580764
404737
80195
593850
132248
507714
196256
394911
424278
346288
61652
176036
297230
114483
314035
392127
195025
12159
299150
460741
34754
560410
579698
321833
61445
214531
423591
139105
410718
234396
347185
435184
140275
185630
107829
512784
152720
6707
521700
483904
595672
450201
291243
87023
78401
116929
466234
81991
478456
248038
214870
172361
31827
290274
175513
309963
321470
81415
497633
277783
232651
532583
313621
189588
246840
353869
155984
104327
574070
290145
400159
149944
525016
12481
100963
271206
88158
328288
176672
6473
370525
585124
175562
304867
367943
62600
158266
501241
558724
75107
34286
155363
122666
385866
147342
332869
66388
394017
494758
243197
82937
126628
520000
244234
306173
244954
6940
157809
180910
69154
485335
414424
200361
364874
210338
516874
113673
606426
415448
349008
324049
59470
185913
417517
382395
588483
121583
573952
249049
385641
95425
364389
537135
156041
197
434993
111858
254383
148220
115220
400391
174104
137661
117793
582521
307733
160080
171459
477044
2492
78058
216843
234024
51978
382909
400340
588638
569283
78814
445413
354356
452539
82997
577744
40939
333788
206119
299660
282918
339851
442742
3692
299052
195017
459195
368885
24170
519713
358363
184697
403456
439252
502687
428677
314578
376159
585323
256583
336435
487150
481546
452406
80501
52582
2670
77512
458076
478713
540197
534433
66297
260162
1501
444369
519337
190439
141758
491995
480537
470400
87163
492302
119720
422071
582526
479439
577955
296064
165735
470460
423960
160586
16189
354084
176174
102998
283190
86877
34342
346025
363572
385941
2406
464926
385579
588914
487047
381332
12313
202041
237723
76452
57814
5680
100634
427952
120646
107394
344950
360118
250804
91435
456515
284868
76321
38890
532880
124760
562093
5580
312867
48253
144816
16171
392959
277053
503722
527361
455888
123511
